%YAML:1.0
intrinsic: !!opencv-matrix
   rows: 3
   cols: 3
   dt: f
   data: [ 7.97983032e+02, 0., 3.74826355e+02, 0., 7.97696411e+02,
       2.54657837e+02, 0., 0., 1. ]
rotation: !!opencv-matrix
   rows: 1
   cols: 3
   dt: f
   data: [ 1.99105799e+00, -1.91944098e+00, 4.42588590e-02 ]
rotation_matrix: !!opencv-matrix
   rows: 3
   cols: 3
   dt: f
   data: [ 6.99455887e-02, -9.70113635e-01, -2.32351348e-01,
       -9.58373070e-01, -7.14850030e-04, -2.85517961e-01, 2.76818782e-01,
       2.42650002e-01, -9.29780781e-01 ]
translation_global2lrf: !!opencv-matrix
   rows: 1
   cols: 3
   dt: f
   data: [ -5.25000000e+01, -1.75000000e+01, 414. ]
translation_global2camera: !!opencv-matrix
   rows: 1
   cols: 3
   dt: f
   data: [ 4.98185921e+01, 1.92432575e+01, 2.79186371e+02 ]
distortion: !!opencv-matrix
   rows: 1
   cols: 4
   dt: f
   data: [ -2.18236998e-01, -5.74369989e-02, -3.32699995e-03,
       -3.49000003e-03 ]
