image_width: 1920
image_height: 1208
camera_name: gmsl_camera_0_0
camera_matrix:
  rows: 3
  cols: 3
  data: [1845.44, 0.000000, 1005.39, 0.000000,  1846.84, 643.182, 0.000000, 0.000000, 1.000000]
  #[fx   0   cx    0     fy    cy   0   0   1]
distortion_model: plumb_bob
distortion_coefficients:
  rows: 1
  cols: 6
  data: [-0.306439, 0.175678, -0.00291, 0.000103, -0.088562, 0.0]
  #[k1,  k2,  p1,  p2 , k3, k4]
rectification_matrix:
  rows: 3
  cols: 3
  data: [1.000000, 0.000000, 0.000000, 0.000000, 1.000000, 0.000000, 0.000000, 0.000000, 1.000000]
projection_matrix:
  rows: 3
  cols: 4
  data: [1910.58, 0.000000, 960.0, 0.000000, 0.000000, 1912.03, 604.0, 0.000000, 0.000000, 0.000000, 1.000000, 0.000000]
  #[fx  0   cx   Tx=0  0   fy   cy    Ty=0  0  0  1  0]
