%YAML:1.0
checkerboard:
    pat_row:7
    pat_col:11
    chess_size:20.0 #mm
    paper_width_margin:66.0 #both ends
window_lrf:
    width:1240
    height:960
    line_division_num:10
    judge_margin:30.0 #mm
intrinsic_matrix: !!opencv-matrix
   rows: 3
   cols: 3
   dt: d
   data: [643.904546, 0.000000, 307.786421, 0.000000, 643.862491, 215.290019, 0.000000, 0.000000, 1.000000]
distrotion_matrix: !!opencv-matrix
   rows: 1
   cols: 5
   dt: d
   data: [-0.054250, 0.096633, -0.001024, -0.016298, 0.000000]
