%YAML:1.0
checkerboard:
    pat_row:3
    pat_col:7
    chess_size:17.5 #mm
    paper_width_margin:66.0
window_lrf:
    width:1240
    height:960
    line_division_num:10
    judge_margin:30.0 #mm
intrinsic_matrix: !!opencv-matrix
   rows: 3
   cols: 3
   dt: f
#   data: [583.199804, 0.000000, 343.605359, 0.000000, 583.989335, 241.745468, 0.000000, 0.000000, 1.000000]
   data: [797.983046, 0.000000, 374.826344, 0.000000, 797.696381, 254.657837, 0.000000, 0.000000, 1.000000]
distrotion_matrix: !!opencv-matrix
   rows: 1
   cols: 4
   dt: f
#   data: [0.014429, -0.032025, 0.003003, -0.001721]
   data: [-0.218237, -0.057437, -0.003327, -0.00349]

