%YAML:1.0
CameraExtrinsicMat: !!opencv-matrix
   rows: 4
   cols: 4
   dt: d
   data: [ 7.533745e-03, 1.480249e-02, 9.998621e-01, -4.069766e-03,
          -9.999714e-01, 7.280733e-04, 7.523790e-03, -7.631618e-02,
          -6.166020e-04, -9.998902e-01, 1.480755e-02, -2.717806e-01, 
          0., 0., 0., 1. ]
CameraMat: !!opencv-matrix
   rows: 3
   cols: 3
   dt: d
   data: [ 7.215377e+02, 0.000000e+00, 6.095593e+02, 
           0.000000e+00, 7.215377e+02, 1.728540e+02,
           0.000000e+00, 0.000000e+00, 1.000000e+00 ]
DistCoeff: !!opencv-matrix
   rows: 1
   cols: 5
   dt: d
   data: [ 0., 0., 0., 0., 0. ]
ImageSize: [ 1.242000e+03, 3.750000e+02 ]
ReprojectionError: 3.9271711128416248e-01



