image_width: 1280
image_height: 960
camera_name: bb_xb3_stereo_camera_LC_left
camera_matrix:
  rows: 3
  cols: 3
  data: [1642.396735455358, 0, 605.4314028403227, 0, 1640.503841428729, 487.7531084241006, 0, 0, 1]
distortion_model: plumb_bob
distortion_coefficients:
  rows: 1
  cols: 5
  data: [-0.595133894332167, 0.3012191570458919, 0.0001626217487327195, 0.003386822913199298, 0.1004597667462982]
rectification_matrix:
  rows: 3
  cols: 3
  data: [0.9999686382419981, 0.003468510833814229, 0.007119829003525062, -0.003450474427076978, 0.9999908111375458, -0.002543986379910752, -0.007128587424715439, 0.002519339808123727, 0.999971417675655]
projection_matrix:
  rows: 3
  cols: 4
  data: [1585.106113934741, 0, 597.2286529541016, 0, 0, 1585.106113934741, 482.9936218261719, 0, 0, 0, 1, 0]