image_width: 1280
image_height: 960
camera_name: bb_xb3_stereo_camera_LR_right
camera_matrix:
  rows: 3
  cols: 3
  data: [1627.005073148992, 0, 679.1824520716557, 0, 1624.049197451116, 473.4833122812346, 0, 0, 1]
distortion_model: plumb_bob
distortion_coefficients:
  rows: 1
  cols: 5
  data: [-0.5958789362356033, 0.3553576523532188, 0.0001817057985417249, -0.006342715972175347, -0.09786235087843707]
rectification_matrix:
  rows: 3
  cols: 3
  data: [0.9996874119917523, 2.478423107043703e-05, 0.02500155377120643, -0.0001426823471495706, 0.9999888795272813, 0.004713858665716992, -0.02500115891274738, -0.004715952450399975, 0.9996762985314321]
projection_matrix:
  rows: 3
  cols: 4
  data: [1564.635769083155, 0, 617.3934097290039, -377.347727494011, 0, 1564.635769083155, 473.7879524230957, 0, 0, 0, 1, 0]