image_width: 1280
image_height: 960
camera_name: bb_xb3_stereo_camera_CR_right
camera_matrix:
  rows: 3
  cols: 3
  data: [1635.435526121943, 0, 690.538926907014, 0, 1632.69843366333, 464.6148155030594, 0, 0, 1]
distortion_model: plumb_bob
distortion_coefficients:
  rows: 1
  cols: 5
  data: [-0.5927749262614641, 0.3892899278899392, 0.001628368117207009, -0.007088404034074547, -0.2819218912426053]
rectification_matrix:
  rows: 3
  cols: 3
  data: [0.9999386103096705, -0.004225998658765515, -0.01024287788178809, 0.004227902590829199, 0.9999910488936814, 0.0001642321440930742, 0.01024209215187852, -0.0002075279518665177, 0.9999475268635358]
projection_matrix:
  rows: 3
  cols: 4
  data: [1553.628425272741, 0, 699.5968399047852, -187.0764679316027, 0, 1553.628425272741, 460.4392242431641, 0, 0, 0, 1, 0]