image_width: 1280
image_height: 960
camera_name: bb_xb3_stereo_camera_CR_left
camera_matrix:
  rows: 3
  cols: 3
  data: [1629.694603592621, 0, 669.7263413706524, 0, 1627.918356875312, 460.4801820374856, 0, 0, 1]
distortion_model: plumb_bob
distortion_coefficients:
  rows: 1
  cols: 5
  data: [-0.6051788134184117, 0.5143846635240407, 0.0007587467248648016, -0.006116461839525637, -0.5014378073996935]
rectification_matrix:
  rows: 3
  cols: 3
  data: [0.9999520836488544, -0.003477526233550963, -0.00915080420563529, 0.003475825175063811, 0.9999939389419468, -0.0002017888064108415, 0.009151450467947716, 0.0001699725417975566, 0.9999581101544542]
projection_matrix:
  rows: 3
  cols: 4
  data: [1553.628425272741, 0, 699.5968399047852, 0, 0, 1553.628425272741, 460.4392242431641, 0, 0, 0, 1, 0]