image_width: 1280
image_height: 960
camera_name: bb_xb3_stereo_camera_LR_left
camera_matrix:
  rows: 3
  cols: 3
  data: [1629.562645011295, 0, 640.5409629619257, 0, 1626.081301967847, 472.4114700714468, 0, 0, 1]
distortion_model: plumb_bob
distortion_coefficients:
  rows: 1
  cols: 5
  data: [-0.6048583736230542, 0.4379667788950327, 0.003095207455852697, -0.003055416910935216, -0.2214508541546922]
rectification_matrix:
  rows: 3
  cols: 3
  data: [0.999728605786684, 0.004197398009624434, 0.02291498683747529, -0.004089293566188881, 0.9999802981636606, -0.004762453427154318, -0.02293452528269096, 0.004667454816609211, 0.9997260736899846]
projection_matrix:
  rows: 3
  cols: 4
  data: [1564.635769083155, 0, 617.3934097290039, 0, 0, 1564.635769083155, 473.7879524230957, 0, 0, 0, 1, 0]