image_width: 1280
image_height: 960
camera_name: bb_xb3_stereo_camera_LC_right
camera_matrix:
  rows: 3
  cols: 3
  data: [1639.066674054504, 0, 612.6799220001948, 0, 1637.787144856758, 477.7281472069066, 0, 0, 1]
distortion_model: plumb_bob
distortion_coefficients:
  rows: 1
  cols: 5
  data: [-0.5879259073809268, 0.2637952425049612, -0.000831198434881762, 0.003955306292298347, 0.1938763393336743]
rectification_matrix:
  rows: 3
  cols: 3
  data: [0.9999916558616097, 0.0004538673138822016, 0.004059829013290859, -0.000464144080668758, 0.999996689941878, 0.002530746048086741, -0.004058666952109887, -0.002532609276796526, 0.9999885564909345]
projection_matrix:
  rows: 3
  cols: 4
  data: [1585.106113934741, 0, 597.2286529541016, -190.3535930861761, 0, 1585.106113934741, 482.9936218261719, 0, 0, 0, 1, 0]